calculated_margin_loss: 143.73275756835938
calculated_margin_mae: 31.131380081176758
loss: 429.5643310546875
match_winner_accuracy: 0.6429640650749207
match_winner_loss: 0.6653649210929871
team1_behinds_loss: 6.413516998291016
team1_behinds_mae: 2.942059278488159
team1_goals_loss: 7.996347904205322
team1_goals_mae: 3.3684422969818115
team2_behinds_loss: 6.324367046356201
team2_behinds_mae: 2.922947645187378
team2_goals_loss: 7.635746479034424
team2_goals_mae: 3.2524495124816895
f1_score: 0.4228451441373604
rmse_margin: 39.01454845080151
rmse_team1_goals: 4.224531543280572
rmse_team1_behinds: 3.7145320795769265
rmse_team2_goals: 4.169538988376882
rmse_team2_behinds: 3.717026609888511
