calculated_margin_loss: 144.8409423828125
calculated_margin_mae: 31.380882263183594
loss: 434.31939697265625
team1_behinds_loss: 6.614221572875977
team1_behinds_mae: 3.0161795616149902
team1_goals_loss: 8.409746170043945
team1_goals_mae: 3.4580063819885254
team2_behinds_loss: 6.271123886108398
team2_behinds_mae: 2.90653133392334
team2_goals_loss: 7.642261505126953
team2_goals_mae: 3.2382993698120117
rmse_margin: 39.25878921982916
rmse_team1_goals: 4.352304742861871
rmse_team1_behinds: 3.7804527804058945
rmse_team2_goals: 4.1630866907780995
rmse_team2_behinds: 3.682738870089296
winner_accuracy_from_margin: 0.6609538002980626
