calculated_margin_loss: 144.41876220703125
calculated_margin_mae: 31.230567932128906
loss: 433.4918518066406
match_winner_accuracy: 0.647455096244812
match_winner_loss: 0.6719855070114136
team1_behinds_loss: 6.478437900543213
team1_behinds_mae: 2.9755053520202637
team1_goals_loss: 8.329946517944336
team1_goals_mae: 3.43735408782959
team2_behinds_loss: 6.358372211456299
team2_behinds_mae: 2.943627119064331
team2_goals_loss: 7.739679336547852
team2_goals_mae: 3.276677131652832
f1_score: 0.4283462115618044
rmse_margin: 39.3012808304361
rmse_team1_goals: 4.348373105427621
rmse_team1_behinds: 3.7295243826365128
rmse_team2_goals: 4.196996674440006
rmse_team2_behinds: 3.725556631680306
