calculated_margin_loss: 140.2047576904297
calculated_margin_mae: 30.45357894897461
loss: 427.3192443847656
team1_behinds_loss: 6.560965538024902
team1_behinds_mae: 2.982593059539795
team1_goals_loss: 8.419698715209961
team1_goals_mae: 3.4252994060516357
team2_behinds_loss: 6.434515476226807
team2_behinds_mae: 2.94842791557312
team2_goals_loss: 7.974066257476807
team2_goals_mae: 3.3352572917938232
rmse_margin: 38.41009828269797
rmse_team1_goals: 4.398495128916358
rmse_team1_behinds: 3.7745009205195457
rmse_team2_goals: 4.214561411742705
rmse_team2_behinds: 3.74271477387731
winner_accuracy_from_margin: 0.6368316831683168
